ROCAUC: 0.712215
PRAUC: 0.224628
TPR: 0.25
